start_points = [
    [14.0, 15.0, -np.pi],
    [7.5, 7.0, np.pi / 2],
    [7.5, 3.0, 0],
    [7.5, -3.0, 0],
    [6.0, 1.75, -np.pi],
    [3.0, 16.7, -np.pi / 2],
    [-6.0, 1.5, np.pi / 2],
    [8.0, -9.0, 0],
    [8.0, -15.0, 0],
    [6.0, -1.75, -np.pi],
    [3.0, -4.5, -np.pi / 2],
    [-6.0, -1.5, -np.pi],
]

target_points = [
    [8.0, 15.0, 0],
    [14.0, 7.0, 0],
    [14.0, 5.0, 0],
    [11.0, -3.0, 0],
    [-2.75, 17.0, 0],
    [3.0, 4.5, 0],
    [-14.0, 17.0, 0],
    [14.0, -9.0, 0],
    [14.0, -16.0, 0],
    [-2.75, -17.0, -np.pi],
    [3.0, -16.7, 0],
    [-14.0, -17.0, -np.pi],
]

e_lengths = [300, 300, 300, 300, 600, 500, 800, 300, 300, 600, 500, 800]
